<?xml version="1.0" encoding="UTF-8"?>
<map version="1.8" tiledversion="1.8.0" orientation="orthogonal" renderorder="right-down" width="19" height="19" tilewidth="16" tileheight="16" infinite="0" nextlayerid="2" nextobjectid="1">
 <tileset firstgid="1" source="../sprites/floor.tsx"/>
 <layer id="1" name="Tile Layer 1" width="19" height="19">
  <data encoding="csv">
7,8,8,8,3,8,8,8,8,8,9,0,0,0,0,0,0,0,0,
12,13,13,13,13,13,13,13,13,13,14,0,0,0,0,0,0,0,0,
12,13,11,13,13,13,13,13,11,13,14,0,0,0,0,0,0,0,0,
12,13,13,13,13,13,13,13,13,13,14,0,0,0,0,0,0,0,0,
12,13,13,13,13,13,13,13,13,13,14,0,0,0,0,0,0,0,0,
12,13,13,13,13,13,13,13,13,13,20,8,8,8,8,9,0,0,0,
12,13,13,13,13,13,13,13,13,13,10,13,13,13,13,14,0,0,0,
12,13,13,13,13,13,13,13,13,13,10,13,13,15,13,14,0,0,0,
12,13,13,13,13,13,13,13,13,13,10,13,13,13,13,14,0,0,0,
12,13,13,13,13,13,13,13,13,13,13,10,10,10,10,20,8,8,9,
12,13,13,13,13,13,13,13,13,13,13,13,13,13,13,13,13,6,14,
12,13,13,13,13,13,13,13,13,13,13,13,13,13,13,13,11,13,14,
12,13,13,13,13,13,13,13,13,13,13,13,13,13,13,13,13,13,14,
12,13,13,13,13,13,13,13,13,13,13,13,13,13,13,13,13,13,14,
12,13,13,13,13,13,13,13,13,13,13,13,13,13,13,13,13,13,14,
12,13,13,13,13,13,13,13,13,13,13,13,13,13,13,13,13,13,14,
12,13,11,13,13,13,13,13,13,13,13,13,13,13,13,13,4,13,14,
12,13,13,13,13,13,13,13,13,13,13,13,13,13,13,13,13,13,14,
17,18,18,18,18,18,18,18,18,18,18,18,18,18,18,18,18,18,19
</data>
 </layer>
</map>
